bird000001.JPEG 65 17 103 52 0
bird000002.JPEG 24 33 64 66 0
bird000003.JPEG 36 34 81 77 0
bird000004.JPEG 43 31 77 86 0
bird000005.JPEG 28 32 47 78 0
bird000006.JPEG 61 64 91 88 0
bird000007.JPEG 57 19 75 36 0
bird000008.JPEG 72 28 100 72 0
bird000009.JPEG 55 28 103 84 0
bird000010.JPEG 61 41 88 84 0
bird000011.JPEG 23 32 62 92 0
bird000012.JPEG 20 46 60 88 0
bird000013.JPEG 27 31 66 80 0
bird000014.JPEG 38 39 65 97 0
bird000015.JPEG 22 35 67 90 0
bird000016.JPEG 26 21 71 60 0
bird000017.JPEG 17 40 52 80 0
bird000018.JPEG 28 22 85 62 0
bird000019.JPEG 36 37 52 97 0
bird000020.JPEG 37 30 81 87 0
bird000021.JPEG 50 37 90 83 0
bird000022.JPEG 47 19 93 50 0
bird000023.JPEG 73 21 95 49 0
bird000024.JPEG 44 30 89 91 0
bird000025.JPEG 22 35 50 50 0
bird000026.JPEG 30 26 89 77 0
bird000027.JPEG 53 26 83 70 0
bird000028.JPEG 69 36 95 93 0
bird000029.JPEG 67 19 105 51 0
bird000030.JPEG 16 33 48 71 0
bird000031.JPEG 74 47 103 92 0
bird000032.JPEG 32 18 88 46 0
bird000033.JPEG 44 40 61 80 0
bird000034.JPEG 24 32 53 96 0
bird000035.JPEG 49 23 71 40 0
bird000036.JPEG 24 42 72 81 0
bird000037.JPEG 30 20 72 51 0
bird000038.JPEG 24 18 73 46 0
bird000039.JPEG 50 20 90 58 0
bird000040.JPEG 32 29 84 81 0
bird000041.JPEG 29 22 72 66 0
bird000042.JPEG 24 43 55 99 0
bird000043.JPEG 61 22 99 45 0
bird000044.JPEG 16 38 45 82 0
bird000045.JPEG 28 31 64 94 0
bird000046.JPEG 36 53 73 84 0
bird000047.JPEG 38 24 98 68 0
bird000048.JPEG 42 34 84 86 0
bird000049.JPEG 38 38 90 73 0
bird000050.JPEG 38 42 97 79 0
bird000051.JPEG 69 15 107 38 0
bird000052.JPEG 73 16 98 36 0
bird000053.JPEG 100 13 115 30 0
bird000054.JPEG 79 16 95 41 0
bird000055.JPEG 42 31 76 62 0
bird000056.JPEG 57 30 91 75 0
bird000057.JPEG 89 38 112 53 0
bird000058.JPEG 42 32 66 62 0
bird000059.JPEG 19 32 37 96 0
bird000060.JPEG 57 30 101 78 0
bird000061.JPEG 39 20 61 36 0
bird000062.JPEG 53 25 90 71 0
bird000063.JPEG 83 22 109 45 0
bird000064.JPEG 38 37 62 92 0
bird000065.JPEG 48 18 95 46 0
bird000066.JPEG 43 24 75 72 0
bird000067.JPEG 25 37 55 96 0
bird000068.JPEG 29 36 82 93 0
bird000069.JPEG 17 43 52 92 0
bird000070.JPEG 43 48 68 100 0
bird000071.JPEG 24 28 63 56 0
bird000072.JPEG 47 15 71 33 0
bird000073.JPEG 34 24 85 73 0
bird000074.JPEG 64 21 85 48 0
bird000075.JPEG 17 26 45 75 0
bird000076.JPEG 30 41 63 95 0
bird000077.JPEG 11 35 32 92 0
bird000078.JPEG 35 11 96 34 0
bird000079.JPEG 71 42 106 57 0
bird000080.JPEG 22 37 43 96 0
bird000081.JPEG 46 43 81 65 0
bird000082.JPEG 59 36 91 80 0
bird000083.JPEG 32 27 89 80 0
bird000084.JPEG 30 43 71 69 0
bird000085.JPEG 54 35 74 96 0
bird000086.JPEG 33 49 70 95 0
bird000087.JPEG 24 33 61 83 0
bird000088.JPEG 21 39 43 97 0
bird000089.JPEG 34 18 93 51 0
bird000090.JPEG 35 17 61 40 0
bird000091.JPEG 21 18 55 51 0
bird000092.JPEG 42 27 70 45 0
bird000093.JPEG 34 31 83 81 0
bird000094.JPEG 29 34 64 95 0
bird000095.JPEG 28 13 79 40 0
bird000096.JPEG 57 29 102 62 0
bird000097.JPEG 23 10 47 27 0
bird000098.JPEG 47 24 88 62 0
bird000099.JPEG 40 37 95 63 0
bird000100.JPEG 40 33 92 67 0
bird000101.JPEG 32 33 71 96 0
bird000102.JPEG 42 36 92 80 0
bird000103.JPEG 54 33 82 95 0
bird000104.JPEG 42 24 59 71 0
bird000105.JPEG 45 32 88 95 0
bird000106.JPEG 61 23 102 50 0
bird000107.JPEG 41 37 88 97 0
bird000108.JPEG 33 42 80 98 0
bird000109.JPEG 21 27 59 68 0
bird000110.JPEG 41 34 66 73 0
bird000111.JPEG 57 17 80 39 0
bird000112.JPEG 16 19 48 52 0
bird000113.JPEG 44 42 84 87 0
bird000114.JPEG 28 57 44 75 0
bird000115.JPEG 36 22 72 66 0
bird000116.JPEG 15 46 41 97 0
bird000117.JPEG 32 17 86 43 0
bird000118.JPEG 33 39 82 88 0
bird000119.JPEG 36 32 69 95 0
bird000120.JPEG 41 47 79 89 0
bird000121.JPEG 49 22 82 39 0
bird000122.JPEG 54 31 93 57 0
bird000123.JPEG 33 24 80 59 0
bird000124.JPEG 31 25 65 74 0
bird000125.JPEG 78 31 98 94 0
bird000126.JPEG 53 26 91 54 0
bird000127.JPEG 42 40 85 92 0
bird000128.JPEG 28 21 77 54 0
bird000129.JPEG 64 31 87 49 0
bird000130.JPEG 23 66 50 85 0
bird000131.JPEG 45 24 99 72 0
bird000132.JPEG 89 31 109 81 0
bird000133.JPEG 26 58 44 77 0
bird000134.JPEG 37 33 82 94 0
bird000135.JPEG 30 20 91 60 0
bird000136.JPEG 28 29 68 47 0
bird000137.JPEG 28 46 55 99 0
bird000138.JPEG 33 33 56 87 0
bird000139.JPEG 58 21 102 55 0
bird000140.JPEG 37 32 86 65 0
bird000141.JPEG 56 22 102 67 0
bird000142.JPEG 38 11 74 34 0
bird000143.JPEG 55 69 89 86 0
bird000144.JPEG 30 30 90 91 0
bird000145.JPEG 46 26 79 67 0
bird000146.JPEG 16 75 48 98 0
bird000147.JPEG 14 35 37 97 0
bird000148.JPEG 28 38 60 65 0
bird000149.JPEG 42 30 75 63 0
bird000150.JPEG 47 17 66 40 0
car000001.JPEG 72 61 104 103 1
car000002.JPEG 30 50 83 78 1
car000003.JPEG 46 22 89 46 1
car000004.JPEG 41 19 76 37 1
car000005.JPEG 65 22 106 42 1
car000006.JPEG 53 41 103 68 1
car000007.JPEG 81 16 111 41 1
car000008.JPEG 28 29 84 87 1
car000009.JPEG 45 32 98 76 1
car000010.JPEG 31 22 87 53 1
car000011.JPEG 55 20 101 55 1
car000012.JPEG 24 29 69 65 1
car000013.JPEG 55 16 93 37 1
car000014.JPEG 98 33 117 88 1
car000015.JPEG 28 80 58 101 1
car000016.JPEG 42 21 81 40 1
car000017.JPEG 28 62 82 105 1
car000018.JPEG 34 18 95 54 1
car000019.JPEG 39 16 92 43 1
car000020.JPEG 64 33 100 55 1
car000021.JPEG 16 55 49 85 1
car000022.JPEG 38 49 82 71 1
car000023.JPEG 26 20 70 36 1
car000024.JPEG 30 23 90 64 1
car000025.JPEG 39 30 97 70 1
car000026.JPEG 25 21 75 50 1
car000027.JPEG 26 40 74 57 1
car000028.JPEG 25 28 75 76 1
car000029.JPEG 37 18 83 37 1
car000030.JPEG 50 23 89 41 1
car000031.JPEG 57 7 99 22 1
car000032.JPEG 47 31 97 74 1
car000033.JPEG 28 12 80 31 1
car000034.JPEG 22 55 62 81 1
car000035.JPEG 44 19 99 44 1
car000036.JPEG 58 60 97 79 1
car000037.JPEG 31 27 93 82 1
car000038.JPEG 37 71 65 97 1
car000039.JPEG 41 29 90 68 1
car000040.JPEG 34 30 87 57 1
car000041.JPEG 18 33 55 61 1
car000042.JPEG 26 30 79 63 1
car000043.JPEG 50 12 86 36 1
car000044.JPEG 27 9 67 24 1
car000045.JPEG 87 43 114 58 1
car000046.JPEG 40 28 97 67 1
car000047.JPEG 34 21 93 55 1
car000048.JPEG 47 33 100 90 1
car000049.JPEG 66 73 98 95 1
car000050.JPEG 42 25 93 43 1
car000051.JPEG 30 63 71 82 1
car000052.JPEG 74 50 102 67 1
car000053.JPEG 32 26 89 57 1
car000054.JPEG 34 20 94 61 1
car000055.JPEG 32 11 61 32 1
car000056.JPEG 25 24 66 47 1
car000057.JPEG 43 28 99 52 1
car000058.JPEG 35 21 85 57 1
car000059.JPEG 76 46 109 66 1
car000060.JPEG 51 35 85 61 1
car000061.JPEG 27 55 82 84 1
car000062.JPEG 59 10 93 31 1
car000063.JPEG 85 23 108 38 1
car000064.JPEG 34 24 53 39 1
car000065.JPEG 23 39 48 57 1
car000066.JPEG 56 27 96 44 1
car000067.JPEG 25 21 76 59 1
car000068.JPEG 37 28 73 60 1
car000069.JPEG 73 38 107 62 1
car000070.JPEG 42 44 94 74 1
car000071.JPEG 30 55 79 74 1
car000072.JPEG 61 16 105 48 1
car000073.JPEG 71 35 108 89 1
car000074.JPEG 45 89 91 110 1
car000075.JPEG 35 30 84 50 1
car000076.JPEG 47 14 73 34 1
car000077.JPEG 48 44 77 92 1
car000078.JPEG 27 24 81 73 1
car000079.JPEG 52 56 88 79 1
car000080.JPEG 104 10 119 29 1
car000081.JPEG 31 58 94 102 1
car000082.JPEG 64 39 89 54 1
car000083.JPEG 30 16 87 40 1
car000084.JPEG 31 11 94 28 1
car000085.JPEG 31 19 87 53 1
car000086.JPEG 33 29 64 51 1
car000087.JPEG 54 24 102 41 1
car000088.JPEG 13 17 40 51 1
car000089.JPEG 23 30 66 55 1
car000090.JPEG 22 25 56 50 1
car000091.JPEG 34 11 76 28 1
car000092.JPEG 34 41 74 66 1
car000093.JPEG 30 25 85 76 1
car000094.JPEG 36 23 87 49 1
car000095.JPEG 60 21 92 47 1
car000096.JPEG 37 29 97 63 1
car000097.JPEG 29 52 84 74 1
car000098.JPEG 34 29 94 67 1
car000099.JPEG 37 16 92 43 1
car000100.JPEG 52 71 91 94 1
car000101.JPEG 31 28 81 44 1
car000102.JPEG 12 44 36 82 1
car000103.JPEG 87 40 109 56 1
car000104.JPEG 65 9 93 28 1
car000105.JPEG 68 33 100 59 1
car000106.JPEG 31 23 90 58 1
car000107.JPEG 51 22 101 53 1
car000108.JPEG 81 11 110 26 1
car000109.JPEG 46 21 85 36 1
car000110.JPEG 14 53 42 68 1
car000111.JPEG 75 34 101 71 1
car000112.JPEG 41 33 71 54 1
car000113.JPEG 45 68 81 97 1
car000114.JPEG 34 31 91 72 1
car000115.JPEG 43 26 84 54 1
car000116.JPEG 32 21 92 55 1
car000117.JPEG 28 29 83 60 1
car000118.JPEG 36 34 88 60 1
car000119.JPEG 45 32 95 59 1
car000120.JPEG 34 25 55 46 1
car000121.JPEG 44 21 97 47 1
car000122.JPEG 19 23 57 69 1
car000123.JPEG 30 25 90 75 1
car000124.JPEG 57 40 99 71 1
car000125.JPEG 48 26 80 49 1
car000126.JPEG 37 25 75 47 1
car000127.JPEG 37 26 83 62 1
car000128.JPEG 28 28 83 50 1
car000129.JPEG 73 25 102 47 1
car000130.JPEG 19 27 54 51 1
car000131.JPEG 48 34 80 52 1
car000132.JPEG 68 22 95 40 1
car000133.JPEG 26 25 78 58 1
car000134.JPEG 43 34 82 54 1
car000135.JPEG 43 23 91 52 1
car000136.JPEG 34 35 95 80 1
car000137.JPEG 43 22 96 63 1
car000138.JPEG 34 19 86 45 1
car000139.JPEG 37 18 94 49 1
car000140.JPEG 27 41 53 63 1
car000141.JPEG 29 56 76 80 1
car000142.JPEG 34 27 95 69 1
car000143.JPEG 31 23 87 45 1
car000144.JPEG 99 12 117 37 1
car000145.JPEG 43 20 98 52 1
car000146.JPEG 77 43 107 84 1
car000147.JPEG 28 31 84 58 1
car000148.JPEG 24 21 72 52 1
car000149.JPEG 44 13 91 31 1
car000150.JPEG 35 36 96 76 1
dog000001.JPEG 33 25 80 51 2
dog000002.JPEG 27 31 81 81 2
dog000003.JPEG 27 29 82 75 2
dog000004.JPEG 80 55 96 86 2
dog000005.JPEG 37 32 91 96 2
dog000006.JPEG 28 25 74 75 2
dog000007.JPEG 30 25 85 75 2
dog000008.JPEG 41 25 76 71 2
dog000009.JPEG 34 30 65 91 2
dog000010.JPEG 79 58 108 102 2
dog000011.JPEG 17 36 38 63 2
dog000012.JPEG 55 29 102 67 2
dog000013.JPEG 60 55 92 85 2
dog000014.JPEG 36 21 97 63 2
dog000015.JPEG 26 38 75 90 2
dog000016.JPEG 77 59 106 98 2
dog000017.JPEG 50 13 81 30 2
dog000018.JPEG 21 46 50 98 2
dog000019.JPEG 37 21 91 60 2
dog000020.JPEG 30 38 63 98 2
dog000021.JPEG 39 34 65 66 2
dog000022.JPEG 31 38 89 97 2
dog000023.JPEG 35 34 84 89 2
dog000024.JPEG 54 26 98 73 2
dog000025.JPEG 39 42 97 95 2
dog000026.JPEG 38 30 97 75 2
dog000027.JPEG 29 30 88 82 2
dog000028.JPEG 34 36 90 84 2
dog000029.JPEG 43 44 84 99 2
dog000030.JPEG 20 28 55 61 2
dog000031.JPEG 32 16 59 44 2
dog000032.JPEG 35 18 91 46 2
dog000033.JPEG 71 19 100 51 2
dog000034.JPEG 36 25 65 71 2
dog000035.JPEG 42 30 97 90 2
dog000036.JPEG 37 22 81 61 2
dog000037.JPEG 31 32 94 88 2
dog000038.JPEG 11 24 33 70 2
dog000039.JPEG 71 30 98 91 2
dog000040.JPEG 60 48 75 67 2
dog000041.JPEG 57 38 101 77 2
dog000042.JPEG 61 29 79 54 2
dog000043.JPEG 31 31 80 78 2
dog000044.JPEG 45 41 73 61 2
dog000045.JPEG 43 39 70 89 2
dog000046.JPEG 45 33 78 95 2
dog000047.JPEG 61 29 81 64 2
dog000048.JPEG 26 46 69 90 2
dog000049.JPEG 37 23 94 69 2
dog000050.JPEG 39 29 95 87 2
dog000051.JPEG 58 28 86 79 2
dog000052.JPEG 34 38 65 82 2
dog000053.JPEG 36 25 96 72 2
dog000054.JPEG 26 26 59 68 2
dog000055.JPEG 35 38 66 96 2
dog000056.JPEG 31 39 85 72 2
dog000057.JPEG 14 26 42 58 2
dog000058.JPEG 43 33 84 78 2
dog000059.JPEG 13 13 39 39 2
dog000060.JPEG 31 30 46 67 2
dog000061.JPEG 41 64 78 102 2
dog000062.JPEG 44 41 81 77 2
dog000063.JPEG 24 15 67 45 2
dog000064.JPEG 30 22 80 66 2
dog000065.JPEG 45 16 72 33 2
dog000066.JPEG 14 45 40 95 2
dog000067.JPEG 12 40 37 95 2
dog000068.JPEG 55 37 84 66 2
dog000069.JPEG 63 45 89 63 2
dog000070.JPEG 57 42 72 66 2
dog000071.JPEG 23 17 70 52 2
dog000072.JPEG 23 34 65 93 2
dog000073.JPEG 91 11 109 29 2
dog000074.JPEG 29 24 64 73 2
dog000075.JPEG 12 62 28 104 2
dog000076.JPEG 64 32 102 54 2
dog000077.JPEG 49 33 83 55 2
dog000078.JPEG 45 31 91 79 2
dog000079.JPEG 46 30 94 83 2
dog000080.JPEG 31 40 65 78 2
dog000081.JPEG 31 27 85 81 2
dog000082.JPEG 65 28 87 71 2
dog000083.JPEG 35 48 86 81 2
dog000084.JPEG 28 32 68 96 2
dog000085.JPEG 25 32 66 94 2
dog000086.JPEG 41 28 59 49 2
dog000087.JPEG 54 26 101 77 2
dog000088.JPEG 20 31 61 94 2
dog000089.JPEG 43 69 61 107 2
dog000090.JPEG 19 14 51 34 2
dog000091.JPEG 64 24 94 71 2
dog000092.JPEG 28 38 85 98 2
dog000093.JPEG 56 36 93 75 2
dog000094.JPEG 34 44 77 99 2
dog000095.JPEG 31 32 71 96 2
dog000096.JPEG 39 36 92 93 2
dog000097.JPEG 44 30 87 79 2
dog000098.JPEG 52 26 72 58 2
dog000099.JPEG 24 32 68 94 2
dog000100.JPEG 46 22 90 59 2
dog000101.JPEG 31 36 58 97 2
dog000102.JPEG 38 37 91 87 2
dog000103.JPEG 59 39 83 64 2
dog000104.JPEG 20 21 55 64 2
dog000105.JPEG 23 13 65 35 2
dog000106.JPEG 68 38 96 95 2
dog000107.JPEG 42 32 79 78 2
dog000108.JPEG 44 32 91 95 2
dog000109.JPEG 45 27 95 74 2
dog000110.JPEG 32 39 76 86 2
dog000111.JPEG 35 13 78 40 2
dog000112.JPEG 24 28 73 83 2
dog000113.JPEG 36 31 80 86 2
dog000114.JPEG 39 16 97 41 2
dog000115.JPEG 24 17 63 50 2
dog000116.JPEG 58 25 100 55 2
dog000117.JPEG 36 14 66 37 2
dog000118.JPEG 55 29 86 80 2
dog000119.JPEG 30 32 91 80 2
dog000120.JPEG 55 33 102 93 2
dog000121.JPEG 78 17 111 52 2
dog000122.JPEG 18 40 55 69 2
dog000123.JPEG 33 14 95 39 2
dog000124.JPEG 29 25 82 75 2
dog000125.JPEG 53 23 98 62 2
dog000126.JPEG 8 9 24 27 2
dog000127.JPEG 71 60 90 89 2
dog000128.JPEG 55 25 103 75 2
dog000129.JPEG 26 24 79 73 2
dog000130.JPEG 40 21 79 62 2
dog000131.JPEG 26 23 79 65 2
dog000132.JPEG 30 26 89 78 2
dog000133.JPEG 20 58 53 102 2
dog000134.JPEG 20 38 61 97 2
dog000135.JPEG 30 28 88 76 2
dog000136.JPEG 23 25 69 75 2
dog000137.JPEG 34 22 92 66 2
dog000138.JPEG 60 23 101 47 2
dog000139.JPEG 60 28 96 84 2
dog000140.JPEG 44 48 80 88 2
dog000141.JPEG 50 12 90 36 2
dog000142.JPEG 19 25 53 64 2
dog000143.JPEG 28 30 53 89 2
dog000144.JPEG 72 60 88 77 2
dog000145.JPEG 28 39 85 98 2
dog000146.JPEG 41 23 61 65 2
dog000147.JPEG 36 22 93 64 2
dog000148.JPEG 38 27 53 52 2
dog000149.JPEG 53 30 94 82 2
dog000150.JPEG 43 37 85 88 2
lizard000001.JPEG 18 38 55 70 3
lizard000002.JPEG 37 43 76 99 3
lizard000003.JPEG 24 33 70 80 3
lizard000004.JPEG 38 14 90 38 3
lizard000005.JPEG 10 34 30 83 3
lizard000006.JPEG 74 42 102 78 3
lizard000007.JPEG 32 24 85 73 3
lizard000008.JPEG 39 13 79 39 3
lizard000009.JPEG 38 23 98 65 3
lizard000010.JPEG 27 14 82 42 3
lizard000011.JPEG 39 25 66 76 3
lizard000012.JPEG 42 39 82 71 3
lizard000013.JPEG 30 35 70 92 3
lizard000014.JPEG 34 40 84 88 3
lizard000015.JPEG 73 35 100 75 3
lizard000016.JPEG 37 31 65 70 3
lizard000017.JPEG 28 17 84 48 3
lizard000018.JPEG 28 31 85 94 3
lizard000019.JPEG 30 55 71 103 3
lizard000020.JPEG 53 24 91 62 3
lizard000021.JPEG 38 24 97 68 3
lizard000022.JPEG 25 48 62 89 3
lizard000023.JPEG 70 19 101 58 3
lizard000024.JPEG 60 49 98 79 3
lizard000025.JPEG 33 39 80 82 3
lizard000026.JPEG 49 25 95 66 3
lizard000027.JPEG 36 23 95 61 3
lizard000028.JPEG 34 12 94 36 3
lizard000029.JPEG 53 32 100 80 3
lizard000030.JPEG 27 26 75 76 3
lizard000031.JPEG 31 17 94 52 3
lizard000032.JPEG 46 21 83 62 3
lizard000033.JPEG 36 26 95 73 3
lizard000034.JPEG 34 51 89 83 3
lizard000035.JPEG 29 21 87 59 3
lizard000036.JPEG 27 35 82 65 3
lizard000037.JPEG 21 11 64 33 3
lizard000038.JPEG 86 14 113 43 3
lizard000039.JPEG 50 49 68 84 3
lizard000040.JPEG 29 49 79 64 3
lizard000041.JPEG 48 37 96 83 3
lizard000042.JPEG 43 38 85 98 3
lizard000043.JPEG 29 31 65 72 3
lizard000044.JPEG 52 37 98 88 3
lizard000045.JPEG 71 18 109 53 3
lizard000046.JPEG 30 53 77 99 3
lizard000047.JPEG 72 58 97 91 3
lizard000048.JPEG 32 43 56 81 3
lizard000049.JPEG 64 38 102 62 3
lizard000050.JPEG 41 22 79 66 3
lizard000051.JPEG 32 26 79 71 3
lizard000052.JPEG 55 42 94 93 3
lizard000053.JPEG 43 26 96 75 3
lizard000054.JPEG 31 33 93 82 3
lizard000055.JPEG 55 27 98 74 3
lizard000056.JPEG 62 34 102 78 3
lizard000057.JPEG 30 27 81 74 3
lizard000058.JPEG 28 27 84 78 3
lizard000059.JPEG 62 20 104 36 3
lizard000060.JPEG 92 56 115 78 3
lizard000061.JPEG 22 47 51 94 3
lizard000062.JPEG 63 27 105 80 3
lizard000063.JPEG 46 53 63 92 3
lizard000064.JPEG 23 46 56 98 3
lizard000065.JPEG 63 51 98 102 3
lizard000066.JPEG 39 29 97 73 3
lizard000067.JPEG 33 44 78 72 3
lizard000068.JPEG 79 52 108 88 3
lizard000069.JPEG 38 19 97 51 3
lizard000070.JPEG 37 29 92 84 3
lizard000071.JPEG 52 11 92 29 3
lizard000072.JPEG 31 37 76 79 3
lizard000073.JPEG 49 33 90 75 3
lizard000074.JPEG 24 50 56 100 3
lizard000075.JPEG 54 35 96 72 3
lizard000076.JPEG 32 28 93 72 3
lizard000077.JPEG 21 61 47 87 3
lizard000078.JPEG 32 22 95 58 3
lizard000079.JPEG 36 48 71 88 3
lizard000080.JPEG 31 33 78 95 3
lizard000081.JPEG 39 44 71 95 3
lizard000082.JPEG 37 26 97 70 3
lizard000083.JPEG 35 19 96 57 3
lizard000084.JPEG 32 38 72 67 3
lizard000085.JPEG 36 35 89 85 3
lizard000086.JPEG 27 31 75 77 3
lizard000087.JPEG 38 28 86 81 3
lizard000088.JPEG 21 35 52 93 3
lizard000089.JPEG 32 36 77 79 3
lizard000090.JPEG 21 45 59 83 3
lizard000091.JPEG 39 32 89 73 3
lizard000092.JPEG 35 56 93 75 3
lizard000093.JPEG 23 29 69 83 3
lizard000094.JPEG 51 34 96 81 3
lizard000095.JPEG 35 28 97 79 3
lizard000096.JPEG 30 28 90 82 3
lizard000097.JPEG 29 26 83 74 3
lizard000098.JPEG 69 49 107 84 3
lizard000099.JPEG 60 24 100 63 3
lizard000100.JPEG 51 50 101 68 3
lizard000101.JPEG 32 32 70 95 3
lizard000102.JPEG 61 29 99 78 3
lizard000103.JPEG 44 35 93 85 3
lizard000104.JPEG 39 41 60 76 3
lizard000105.JPEG 59 57 85 96 3
lizard000106.JPEG 43 27 97 77 3
lizard000107.JPEG 34 31 90 84 3
lizard000108.JPEG 47 28 100 83 3
lizard000109.JPEG 42 29 92 64 3
lizard000110.JPEG 74 35 103 69 3
lizard000111.JPEG 28 35 53 91 3
lizard000112.JPEG 62 26 93 53 3
lizard000113.JPEG 37 30 78 74 3
lizard000114.JPEG 20 34 55 82 3
lizard000115.JPEG 30 26 91 69 3
lizard000116.JPEG 43 24 98 40 3
lizard000117.JPEG 34 53 86 91 3
lizard000118.JPEG 38 21 63 64 3
lizard000119.JPEG 31 25 86 75 3
lizard000120.JPEG 41 47 70 90 3
lizard000121.JPEG 79 21 100 62 3
lizard000122.JPEG 53 29 73 87 3
lizard000123.JPEG 30 32 74 56 3
lizard000124.JPEG 32 27 96 42 3
lizard000125.JPEG 27 41 74 79 3
lizard000126.JPEG 63 32 92 80 3
lizard000127.JPEG 32 27 91 69 3
lizard000128.JPEG 36 26 96 74 3
lizard000129.JPEG 24 58 69 91 3
lizard000130.JPEG 47 36 80 59 3
lizard000131.JPEG 36 29 96 46 3
lizard000132.JPEG 33 36 63 60 3
lizard000133.JPEG 53 31 97 73 3
lizard000134.JPEG 31 32 93 86 3
lizard000135.JPEG 40 25 80 66 3
lizard000136.JPEG 36 37 76 97 3
lizard000137.JPEG 44 39 93 97 3
lizard000138.JPEG 26 26 78 74 3
lizard000139.JPEG 34 27 86 61 3
lizard000140.JPEG 34 25 95 61 3
lizard000141.JPEG 29 19 87 58 3
lizard000142.JPEG 38 26 93 74 3
lizard000143.JPEG 51 33 84 93 3
lizard000144.JPEG 33 41 82 99 3
lizard000145.JPEG 23 54 68 101 3
lizard000146.JPEG 14 38 37 53 3
lizard000147.JPEG 40 29 93 74 3
lizard000148.JPEG 33 37 56 71 3
lizard000149.JPEG 71 38 97 78 3
lizard000150.JPEG 35 31 92 69 3
turtle000001.JPEG 95 18 113 35 4
turtle000002.JPEG 42 22 97 62 4
turtle000003.JPEG 31 17 86 52 4
turtle000004.JPEG 40 28 72 47 4
turtle000005.JPEG 51 30 93 91 4
turtle000006.JPEG 46 30 94 91 4
turtle000007.JPEG 73 18 108 46 4
turtle000008.JPEG 23 69 55 88 4
turtle000009.JPEG 81 11 99 30 4
turtle000010.JPEG 49 42 82 69 4
turtle000011.JPEG 33 46 61 74 4
turtle000012.JPEG 31 29 72 82 4
turtle000013.JPEG 53 30 95 53 4
turtle000014.JPEG 35 25 96 75 4
turtle000015.JPEG 65 33 85 55 4
turtle000016.JPEG 32 33 91 86 4
turtle000017.JPEG 29 26 87 75 4
turtle000018.JPEG 55 25 103 59 4
turtle000019.JPEG 75 15 106 42 4
turtle000020.JPEG 32 20 88 45 4
turtle000021.JPEG 40 40 94 75 4
turtle000022.JPEG 17 65 52 106 4
turtle000023.JPEG 21 79 64 111 4
turtle000024.JPEG 35 36 84 80 4
turtle000025.JPEG 37 36 75 56 4
turtle000026.JPEG 66 12 89 29 4
turtle000027.JPEG 30 21 83 57 4
turtle000028.JPEG 14 37 42 80 4
turtle000029.JPEG 29 23 79 69 4
turtle000030.JPEG 42 48 89 96 4
turtle000031.JPEG 74 28 108 43 4
turtle000032.JPEG 19 81 52 101 4
turtle000033.JPEG 34 22 89 64 4
turtle000034.JPEG 40 30 95 69 4
turtle000035.JPEG 43 25 98 74 4
turtle000036.JPEG 41 27 96 64 4
turtle000037.JPEG 93 17 115 38 4
turtle000038.JPEG 39 17 81 52 4
turtle000039.JPEG 15 26 45 69 4
turtle000040.JPEG 31 23 78 46 4
turtle000041.JPEG 94 21 115 43 4
turtle000042.JPEG 41 24 86 64 4
turtle000043.JPEG 41 21 94 63 4
turtle000044.JPEG 53 28 83 53 4
turtle000045.JPEG 55 20 90 50 4
turtle000046.JPEG 49 55 91 86 4
turtle000047.JPEG 36 38 85 96 4
turtle000048.JPEG 23 29 68 81 4
turtle000049.JPEG 40 28 93 79 4
turtle000050.JPEG 62 28 99 47 4
turtle000051.JPEG 52 19 87 53 4
turtle000052.JPEG 70 22 97 42 4
turtle000053.JPEG 39 39 90 80 4
turtle000054.JPEG 80 14 100 41 4
turtle000055.JPEG 41 38 87 80 4
turtle000056.JPEG 35 84 64 100 4
turtle000057.JPEG 35 18 83 33 4
turtle000058.JPEG 53 39 92 98 4
turtle000059.JPEG 35 21 96 56 4
turtle000060.JPEG 38 12 88 37 4
turtle000061.JPEG 35 68 84 101 4
turtle000062.JPEG 21 23 50 45 4
turtle000063.JPEG 65 35 102 97 4
turtle000064.JPEG 28 29 84 86 4
turtle000065.JPEG 68 53 101 78 4
turtle000066.JPEG 41 33 91 69 4
turtle000067.JPEG 57 30 101 58 4
turtle000068.JPEG 39 43 79 67 4
turtle000069.JPEG 17 39 52 92 4
turtle000070.JPEG 22 30 67 78 4
turtle000071.JPEG 54 85 80 102 4
turtle000072.JPEG 62 49 85 71 4
turtle000073.JPEG 33 28 87 81 4
turtle000074.JPEG 36 34 95 92 4
turtle000075.JPEG 24 32 41 49 4
turtle000076.JPEG 33 15 80 39 4
turtle000077.JPEG 26 17 71 52 4
turtle000078.JPEG 27 46 74 73 4
turtle000079.JPEG 12 28 36 47 4
turtle000080.JPEG 36 46 84 65 4
turtle000081.JPEG 37 69 75 94 4
turtle000082.JPEG 42 22 91 51 4
turtle000083.JPEG 34 34 83 65 4
turtle000084.JPEG 36 21 76 48 4
turtle000085.JPEG 29 17 59 36 4
turtle000086.JPEG 27 39 64 63 4
turtle000087.JPEG 35 24 93 64 4
turtle000088.JPEG 51 24 102 73 4
turtle000089.JPEG 46 34 98 95 4
turtle000090.JPEG 25 29 76 62 4
turtle000091.JPEG 50 22 91 40 4
turtle000092.JPEG 35 26 85 78 4
turtle000093.JPEG 59 35 93 80 4
turtle000094.JPEG 45 58 73 74 4
turtle000095.JPEG 64 30 102 47 4
turtle000096.JPEG 44 25 82 76 4
turtle000097.JPEG 24 26 67 54 4
turtle000098.JPEG 58 34 78 58 4
turtle000099.JPEG 57 66 91 93 4
turtle000100.JPEG 30 26 90 79 4
turtle000101.JPEG 45 31 84 52 4
turtle000102.JPEG 38 20 97 52 4
turtle000103.JPEG 55 26 102 63 4
turtle000104.JPEG 28 29 69 60 4
turtle000105.JPEG 44 29 77 48 4
turtle000106.JPEG 50 23 95 42 4
turtle000107.JPEG 38 16 77 39 4
turtle000108.JPEG 32 24 93 63 4
turtle000109.JPEG 57 19 91 48 4
turtle000110.JPEG 43 17 99 48 4
turtle000111.JPEG 34 37 81 52 4
turtle000112.JPEG 30 32 87 96 4
turtle000113.JPEG 75 36 109 60 4
turtle000114.JPEG 26 28 70 72 4
turtle000115.JPEG 38 28 91 82 4
turtle000116.JPEG 58 47 95 73 4
turtle000117.JPEG 56 56 88 76 4
turtle000118.JPEG 24 18 68 55 4
turtle000119.JPEG 35 37 77 70 4
turtle000120.JPEG 54 59 94 88 4
turtle000121.JPEG 23 29 65 72 4
turtle000122.JPEG 38 20 97 60 4
turtle000123.JPEG 35 15 97 46 4
turtle000124.JPEG 34 20 79 60 4
turtle000125.JPEG 45 27 89 67 4
turtle000126.JPEG 35 24 78 64 4
turtle000127.JPEG 43 30 97 47 4
turtle000128.JPEG 48 12 78 36 4
turtle000129.JPEG 37 22 87 53 4
turtle000130.JPEG 57 33 77 56 4
turtle000131.JPEG 31 47 71 74 4
turtle000132.JPEG 23 27 69 54 4
turtle000133.JPEG 56 24 87 53 4
turtle000134.JPEG 52 23 101 58 4
turtle000135.JPEG 28 24 84 73 4
turtle000136.JPEG 53 54 83 74 4
turtle000137.JPEG 63 40 97 62 4
turtle000138.JPEG 42 21 94 40 4
turtle000139.JPEG 21 33 51 63 4
turtle000140.JPEG 29 30 82 71 4
turtle000141.JPEG 28 41 84 94 4
turtle000142.JPEG 35 23 77 62 4
turtle000143.JPEG 43 33 99 63 4
turtle000144.JPEG 48 31 86 57 4
turtle000145.JPEG 18 58 54 86 4
turtle000146.JPEG 25 36 76 87 4
turtle000147.JPEG 50 36 102 67 4
turtle000148.JPEG 65 15 85 38 4
turtle000149.JPEG 40 25 93 74 4
turtle000150.JPEG 69 57 106 76 4